4 1 4 6 8
4 1 4 7 9
4 2 4 7 8
4 2 4 6 8
4 2 5 6 9
4 1 4 6 9
4 1 5 6 8
4 1 4 6 8
4 1 4 7 8
4 2 4 7 8
4 1 4 6 9
4 2 4 7 9
4 2 4 7 8
4 1 4 6 8
4 2 5 6 8
4 1 5 6 8
4 1 4 6 9
4 2 4 7 8
4 1 4 6 8
4 1 5 6 9
4 3 4 6 8
4 1 4 6 8
4 2 4 6 8
4 2 5 6 8
4 2 4 6 8
4 1 4 6 9
4 2 5 6 8
4 2 4 7 9
4 2 4 7 8
4 2 4 6 8
4 2 5 6 8
4 1 4 6 8
4 2 5 6 8
4 1 4 6 8
4 2 4 6 8
4 1 5 6 9
4 1 5 6 8
4 1 4 6 8
4 1 5 6 8
4 1 4 6 9
4 1 4 6 9
4 2 5 6 8
4 1 4 6 8
4 1 4 6 8
4 2 4 6 8
4 1 4 6 9
4 1 4 6 9
4 2 4 6 8
4 1 4 6 8
4 2 5 6 8
4 2 4 6 8
4 1 5 6 9
4 1 4 6 8
4 1 4 6 9
4 2 5 7 9
4 1 5 6 9
4 1 5 6 9
4 2 4 6 8
4 2 5 6 8
4 1 4 7 9
4 1 5 6 8
4 1 5 6 9
4 1 4 6 9
4 3 4 6 8
4 1 5 6 8
4 2 4 7 8
4 2 4 7 8
4 2 4 6 8
4 1 4 6 8
4 3 4 6 9
4 1 4 6 9
4 1 4 6 8
4 2 4 7 9
4 1 4 6 9
4 2 4 6 8
4 1 5 6 9
4 1 4 6 9
4 1 5 6 8
4 3 4 6 8
4 1 5 6 8
4 1 5 6 9
4 2 4 6 8
4 3 4 6 9
4 2 5 6 8
4 2 5 6 8
4 2 5 6 8
4 1 5 6 8
4 2 5 7 8
4 1 5 6 9
4 1 4 6 8
4 2 4 7 8
4 1 4 6 9
4 1 4 6 9
4 1 5 6 8
4 2 4 7 8
4 1 5 6 8
4 1 4 6 8
4 3 4 6 9
4 1 5 6 8
4 1 4 6 8
